--------- move: 0
|3 7 0|
|5 6 4|
|1 8 2|
--------- move: 1
|3 7 4|
|5 6 0|
|1 8 2|
--------- move: 2
|3 7 4|
|5 0 6|
|1 8 2|
--------- move: 3
|3 0 4|
|5 7 6|
|1 8 2|
--------- move: 4
|3 4 0|
|5 7 6|
|1 8 2|
--------- move: 5
|3 4 6|
|5 7 0|
|1 8 2|
--------- move: 6
|3 4 6|
|5 7 2|
|1 8 0|
--------- move: 7
|3 4 6|
|5 7 2|
|1 0 8|
--------- move: 8
|3 4 6|
|5 0 2|
|1 7 8|
--------- move: 9
|3 4 6|
|0 5 2|
|1 7 8|
--------- move: 10
|3 4 6|
|1 5 2|
|0 7 8|
--------- move: 11
|3 4 6|
|1 5 2|
|7 0 8|
--------- move: 12
|3 4 6|
|1 0 2|
|7 5 8|
--------- move: 13
|3 0 6|
|1 4 2|
|7 5 8|
--------- move: 14
|0 3 6|
|1 4 2|
|7 5 8|
--------- move: 15
|1 3 6|
|0 4 2|
|7 5 8|
--------- move: 16
|1 3 6|
|4 0 2|
|7 5 8|
--------- move: 17
|1 3 6|
|4 2 0|
|7 5 8|
--------- move: 18
|1 3 0|
|4 2 6|
|7 5 8|
--------- move: 19
|1 0 3|
|4 2 6|
|7 5 8|
--------- move: 20
|1 2 3|
|4 0 6|
|7 5 8|
--------- move: 21
|1 2 3|
|4 5 6|
|7 0 8|
--------- move: 22
|1 2 3|
|4 5 6|
|7 8 0|
