95864 states where explored to find the solution
0 0
1 0
2 1
3 2
4 3
5 4
6 5
7 6
8 7
9 8
10 9
11 10
12 11
13 12
14 13
15 14
16 15
17 16
18 16
19 18
20 19
21 20
22 18
23 22
24 23
25 24
26 25
27 25
28 16
29 28
30 15
31 30
32 31
33 32
34 33
35 34
36 35
37 35
38 33
39 38
40 39
41 39
42 13
43 42
44 43
45 44
46 45
47 46
48 47
49 48
50 49
51 47
52 51
53 52
54 46
55 54
56 54
57 56
58 45
59 12
60 59
61 60
62 61
63 62
64 63
65 64
66 65
67 65
68 63
69 68
70 69
71 70
72 71
73 70
74 70
75 74
76 74
77 69
78 61
79 78
80 79
81 79
82 78
83 82
84 83
85 84
86 85
87 86
88 86
89 84
90 89
91 90
92 90
93 89
94 93
95 82
96 95
97 96
98 97
99 98
100 98
101 59
102 12
103 102
104 103
105 104
106 105
107 106
108 107
109 108
110 109
111 108
112 107
113 112
114 112
115 106
116 115
117 116
118 117
119 118
120 118
121 117
122 121
123 121
124 117
125 124
126 116
127 126
128 127
129 127
130 104
131 130
132 131
133 132
134 133
135 134
136 135
137 135
138 133
139 138
140 139
141 139
142 131
143 102
144 143
145 144
146 145
147 146
148 147
149 148
150 149
151 150
152 150
153 149
154 153
155 148
156 155
157 156
158 156
159 146
160 159
161 160
162 161
163 162
164 162
165 161
166 165
167 165
168 161
169 168
170 168
171 160
172 171
173 172
174 145
175 174
176 175
177 176
178 176
179 178
180 179
181 174
182 181
183 182
184 183
185 184
186 184
187 183
188 187
189 183
190 189
191 189
192 182
193 192
194 193
195 193
196 144
197 196
198 197
199 198
200 199
201 200
202 201
203 201
204 200
205 204
206 197
207 206
208 207
209 207
210 209
211 210
212 206
213 212
214 213
215 214
216 214
217 212
218 217
219 206
220 219
221 219
222 221
223 222
224 11
225 224
226 225
227 226
228 227
229 228
230 229
231 230
232 230
233 232
234 233
235 234
236 234
237 232
238 229
239 238
240 239
241 240
242 241
243 240
244 243
245 239
246 245
247 227
248 247
249 248
250 248
251 250
252 251
253 252
254 253
255 252
256 252
257 256
258 256
259 251
260 259
261 260
262 260
263 247
264 263
265 247
266 265
267 266
268 267
269 267
270 269
271 270
272 270
273 269
274 273
275 273
276 265
277 276
278 277
279 278
280 279
281 277
282 281
283 281
284 283
285 281
286 225
287 286
288 287
289 288
290 289
291 290
292 291
293 290
294 293
295 294
296 295
297 293
298 289
299 298
300 299
301 300
302 301
303 300
304 303
305 299
306 305
307 306
308 306
309 287
310 309
311 310
312 311
313 311
314 313
315 314
316 313
317 316
318 317
319 317
320 311
321 320
322 321
323 322
324 322
325 320
326 325
327 326
328 326
329 286
330 329
331 330
332 331
333 331
334 333
335 334
336 334
337 333
338 337
339 338
340 337
341 340
342 341
343 329
344 343
345 344
346 345
347 346
348 347
349 348
350 348
351 346
352 351
353 345
354 353
355 354
356 353
357 345
358 357
359 357
360 359
361 360
362 360
363 344
364 363
365 364
366 365
367 366
368 366
369 364
370 369
371 370
372 370
373 369
374 373
375 373
376 369
377 376
378 376
379 286
380 379
381 380
382 381
383 381
384 383
385 384
386 384
387 386
388 383
389 388
390 389
391 390
392 379
393 392
394 393
395 394
396 395
397 396
398 397
399 397
400 395
401 400
402 401
403 401
404 400
405 404
406 400
407 406
408 406
409 7
410 409
411 410
412 411
413 412
414 413
415 414
416 415
417 416
418 417
419 418
420 419
421 420
422 420
423 419
424 423
425 424
426 425
427 425
428 423
429 428
430 429
431 429
432 418
433 432
434 433
435 434
436 435
437 435
438 433
439 415
440 439
441 440
442 441
443 442
444 443
445 444
446 443
447 446
448 447
449 447
450 441
451 450
452 451
453 452
454 453
455 453
456 451
457 456
458 457
459 450
460 459
461 459
462 439
463 462
464 463
465 464
466 465
467 466
468 467
469 465
470 469
471 470
472 469
473 472
474 469
475 474
476 474
477 414
478 477
479 478
480 479
481 480
482 481
483 482
484 483
485 484
486 482
487 486
488 487
489 480
490 489
491 490
492 491
493 491
494 493
495 493
496 490
497 496
498 497
499 479
500 499
501 500
502 501
503 499
504 503
505 504
506 505
507 506
508 506
509 479
510 509
511 509
512 511
513 512
514 513
515 514
516 514
517 513
518 517
519 513
520 519
521 478
522 521
523 522
524 523
525 524
526 525
527 526
528 526
529 524
530 529
531 530
532 529
533 532
534 532
535 522
536 535
537 536
538 537
539 538
540 538
541 536
542 541
543 542
544 535
545 544
546 544
547 546
548 547
549 547
550 535
551 550
552 551
553 552
554 552
555 550
556 412
557 411
558 557
559 557
560 559
561 560
562 561
563 562
564 563
565 564
566 565
567 566
568 566
569 564
570 569
571 570
572 571
573 572
574 570
575 574
576 575
577 569
578 569
579 578
580 578
581 562
582 581
583 582
584 583
585 581
586 585
587 586
588 587
589 587
590 589
591 590
592 585
593 592
594 593
595 581
596 595
597 411
598 597
599 598
600 599
601 600
602 601
603 602
604 603
605 604
606 605
607 606
608 607
609 605
610 609
611 610
612 604
613 612
614 613
615 614
616 612
617 616
618 617
619 617
620 604
621 620
622 621
623 622
624 622
625 620
626 603
627 626
628 627
629 628
630 629
631 628
632 631
633 628
634 633
635 633
636 601
637 636
638 637
639 638
640 639
641 640
642 641
643 641
644 637
645 644
646 645
647 646
648 647
649 647
650 645
651 650
652 651
653 651
654 636
655 654
656 636
657 656
658 657
659 658
660 659
661 660
662 656
663 662
664 663
665 664
666 665
667 665
668 599
669 668
670 669
671 670
672 671
673 672
674 673
675 673
676 672
677 676
678 677
679 678
680 676
681 680
682 681
683 671
684 683
685 684
686 685
687 686
688 686
689 685
690 689
691 689
692 685
693 684
694 693
695 694
696 694
697 597
698 697
699 698
700 699
701 700
702 701
703 702
704 703
705 704
706 704
707 706
708 707
709 707
710 703
711 710
712 711
713 712
714 712
715 710
716 715
717 703
718 717
719 718
720 719
721 719
722 717
723 722
724 723
725 702
726 700
727 726
728 727
729 728
730 729
731 729
732 731
733 732
734 731
735 734
736 734
737 731
738 737
739 737
740 727
741 740
742 741
743 742
744 743
745 742
746 745
747 745
748 742
749 748
750 748
751 741
752 751
753 752
754 726
755 754
756 754
757 756
758 757
759 758
760 759
761 758
762 761
763 761
764 757
765 764
766 765
767 726
768 767
769 768
770 769
771 770
772 771
773 771
774 769
775 774
776 775
777 775
778 774
779 778
780 767
781 780
782 781
783 782
784 783
785 781
786 785
787 786
788 786
789 785
790 789
791 789
792 698
793 792
794 793
795 794
796 795
797 796
798 797
799 798
800 799
801 799
802 798
803 802
804 802
805 798
806 805
807 797
808 807
809 808
810 808
811 793
812 811
813 812
814 813
815 814
816 815
817 816
818 816
819 813
820 819
821 819
822 813
823 822
824 823
825 824
826 824
827 822
828 827
829 828
830 828
831 812
832 831
833 832
834 792
835 834
836 834
837 836
838 837
839 838
840 839
841 840
842 839
843 838
844 843
845 844
846 845
847 845
848 843
849 837
850 792
851 850
852 851
853 852
854 853
855 854
856 855
857 856
858 854
859 858
860 859
861 859
862 858
863 862
864 858
865 864
866 852
867 866
868 867
869 868
870 869
871 869
872 867
873 872
874 866
875 874
876 875
877 876
878 874
879 878
880 866
881 410
882 881
883 882
884 883
885 884
886 884
887 886
888 887
889 888
890 889
891 890
892 891
893 892
894 893
895 893
896 889
897 888
898 897
899 888
900 899
901 900
902 901
903 887
904 903
905 904
906 905
907 906
908 907
909 908
910 908
911 906
912 911
913 912
914 905
915 914
916 914
917 916
918 905
919 918
920 904
921 883
922 921
923 922
924 923
925 924
926 925
927 926
928 927
929 928
930 929
931 929
932 927
933 932
934 933
935 933
936 923
937 936
938 937
939 937
940 939
941 940
942 936
943 942
944 943
945 944
946 945
947 946
948 946
949 936
950 949
951 921
952 882
953 952
954 953
955 954
956 955
957 956
958 957
959 957
960 956
961 960
962 961
963 962
964 962
965 964
966 965
967 960
968 967
969 968
970 969
971 968
972 956
973 953
974 973
975 974
976 974
977 976
978 977
979 978
980 979
981 980
982 979
983 978
984 983
985 977
986 973
987 986
988 987
989 988
990 989
991 990
992 989
993 992
994 993
995 994
996 994
997 989
998 997
999 986
1000 999
1001 1000
1002 1001
1003 1002
1004 1003
1005 1004
1006 1002
1007 1006
1008 1007
1009 1007
1010 1000
1011 973
1012 1011
1013 1012
1014 6
1015 1014
1016 1015
1017 1016
1018 1017
1019 1018
1020 1019
1021 1020
1022 1020
1023 1022
1024 1023
1025 1024
1026 1025
1027 1026
1028 1024
1029 1028
1030 1029
1031 1030
1032 1031
1033 1032
1034 1030
1035 1034
1036 1035
1037 1035
1038 1034
1039 1038
1040 1028
1041 1040
1042 1041
1043 1042
1044 1043
1045 1043
1046 1041
1047 1046
1048 1023
1049 1048
1050 1049
1051 1050
1052 1051
1053 1052
1054 1053
1055 1051
1056 1049
1057 1056
1058 1057
1059 1019
1060 1059
1061 1060
1062 1061
1063 1062
1064 1063
1065 1064
1066 1065
1067 1062
1068 1067
1069 1068
1070 1069
1071 1070
1072 1070
1073 1072
1074 1072
1075 1069
1076 1075
1077 1076
1078 1076
1079 1062
1080 1079
1081 1080
1082 1081
1083 1082
1084 1083
1085 1083
1086 1079
1087 1086
1088 1087
1089 1088
1090 1089
1091 1089
1092 1087
1093 1092
1094 1093
1095 1092
1096 1095
1097 1059
1098 1097
1099 1098
1100 1099
1101 1100
1102 1100
1103 1099
1104 1103
1105 1104
1106 1105
1107 1106
1108 1107
1109 1103
1110 1098
1111 1110
1112 1111
1113 1112
1114 1113
1115 1114
1116 1113
1117 1116
1118 1112
1119 1118
1120 1119
1121 1120
1122 1120
1123 1118
1124 1123
1125 1124
1126 1112
1127 1126
1128 1126
1129 1128
1130 1129
1131 1129
1132 1019
1133 1132
1134 1133
1135 1134
1136 1135
1137 1136
1138 1136
1139 1138
1140 1139
1141 1138
1142 1141
1143 1142
1144 1143
1145 1143
1146 1141
1147 1146
1148 1147
1149 1138
1150 1149
1151 1150
1152 1151
1153 1151
1154 1134
1155 1154
1156 1155
1157 1156
1158 1157
1159 1158
1160 1158
1161 1160
1162 1158
1163 1162
1164 1162
1165 1157
1166 1165
1167 1166
1168 1166
1169 1155
1170 1169
1171 1170
1172 1154
1173 1172
1174 1173
1175 1174
1176 1175
1177 1176
1178 1176
1179 1174
1180 1179
1181 1180
1182 1179
1183 1182
1184 1172
1185 1184
1186 1185
1187 1186
1188 1187
1189 1187
1190 1186
1191 1190
1192 1190
1193 1186
1194 1193
1195 1185
1196 1195
1197 1196
1198 1132
1199 1198
1200 1199
1201 1200
1202 1201
1203 1202
1204 1203
1205 1204
1206 1205
1207 1205
1208 1204
1209 1208
1210 1208
1211 1203
1212 1211
1213 1212
1214 1212
1215 1201
1216 1215
1217 1216
1218 1216
1219 1215
1220 1219
1221 1219
1222 1221
1223 1222
1224 1222
1225 1215
1226 1225
1227 1226
1228 1227
1229 1227
1230 1225
1231 1230
1232 1231
1233 1231
1234 1199
1235 1234
1236 1235
1237 1235
1238 1237
1239 1238
1240 1239
1241 1240
1242 1240
1243 1239
1244 1243
1245 1243
1246 1238
1247 1246
1248 1247
1249 1247
1250 1234
1251 1250
1252 1251
1253 1252
1254 1253
1255 1254
1256 1252
1257 1256
1258 1257
1259 1257
1260 1256
1261 1260
1262 1260
1263 1018
1264 1263
1265 1264
1266 1265
1267 1266
1268 1267
1269 1268
1270 1269
1271 1269
1272 1271
1273 1272
1274 1273
1275 1271
1276 1275
1277 1276
1278 1269
1279 1278
1280 1279
1281 1268
1282 1281
1283 1282
1284 1283
1285 1284
1286 1283
1287 1286
1288 1283
1289 1288
1290 1288
1291 1282
1292 1291
1293 1292
1294 1266
1295 1294
1296 1295
1297 1296
1298 1297
1299 1298
1300 1299
1301 1296
1302 1301
1303 1302
1304 1303
1305 1301
1306 1265
1307 1306
1308 1307
1309 1308
1310 1308
1311 1310
1312 1311
1313 1311
1314 1310
1315 1314
1316 1315
1317 1316
1318 1316
1319 1314
1320 1319
1321 1310
1322 1321
1323 1306
1324 1323
1325 1324
1326 1325
1327 1326
1328 1327
1329 1328
1330 1328
1331 1326
1332 1331
1333 1332
1334 1332
1335 1331
1336 1335
1337 1335
1338 1331
1339 1338
1340 1338
1341 1265
1342 1341
1343 1342
1344 1343
1345 1344
1346 1345
1347 1346
1348 1347
1349 1346
1350 1349
1351 1346
1352 1351
1353 1345
1354 1353
1355 1354
1356 1354
1357 1343
1358 1357
1359 1358
1360 1359
1361 1358
1362 1357
1363 1362
1364 1362
1365 1364
1366 1365
1367 1341
1368 1367
1369 1368
1370 1369
1371 1370
1372 1371
1373 1372
1374 1370
1375 1374
1376 1375
1377 1369
1378 1377
1379 1377
1380 1379
1381 1380
1382 1380
1383 1369
1384 1383
1385 1384
1386 1385
1387 1385
1388 1368
1389 1388
1390 1264
1391 1390
1392 1391
1393 1392
1394 1393
1395 1394
1396 1395
1397 1393
1398 1397
1399 1398
1400 1399
1401 1400
1402 1400
1403 1398
1404 1403
1405 1404
1406 1404
1407 1397
1408 1407
1409 1408
1410 1409
1411 1409
1412 1407
1413 1391
1414 1413
1415 1414
1416 1415
1417 1416
1418 1417
1419 1418
1420 1418
1421 1414
1422 1413
1423 1422
1424 1422
1425 1424
1426 1425
1427 1426
1428 1427
1429 1427
1430 1426
1431 1426
1432 1431
1433 1431
1434 1425
1435 1434
1436 1435
1437 1435
1438 1413
1439 1438
1440 1439
1441 1440
1442 1441
1443 1442
1444 1441
1445 1444
1446 1438
1447 1016
1448 1447
1449 1448
1450 1449
1451 1450
1452 1451
1453 1452
1454 1453
1455 1454
1456 1453
1457 1456
1458 1457
1459 1458
1460 1458
1461 1460
1462 1453
1463 1462
1464 1450
1465 1464
1466 1465
1467 1466
1468 1467
1469 1468
1470 1469
1471 1467
1472 1464
1473 1472
1474 1473
1475 1474
1476 1464
1477 1476
1478 1477
1479 1478
1480 1479
1481 1480
1482 1478
1483 1482
1484 1483
1485 1482
1486 1485
1487 1486
1488 1487
1489 1482
1490 1489
1491 1489
1492 1491
1493 1492
1494 1476
1495 1494
1496 1495
1497 1496
1498 1497
1499 1448
1500 1499
1501 1500
1502 1501
1503 1502
1504 1503
1505 1504
1506 1504
1507 1506
1508 1507
1509 1508
1510 1509
1511 1507
1512 1511
1513 1512
1514 1506
1515 1514
1516 1514
1517 1502
1518 1517
1519 1518
1520 1519
1521 1520
1522 1521
1523 1522
1524 1520
1525 1524
1526 1525
1527 1518
1528 1527
1529 1528
1530 1529
1531 1530
1532 1530
1533 1517
1534 1533
1535 1447
1536 1535
1537 1536
1538 1537
1539 1538
1540 1539
1541 1540
1542 1541
1543 1542
1544 1543
1545 1544
1546 1545
1547 1545
1548 1544
1549 1544
1550 1549
1551 1549
1552 1543
1553 1539
1554 1553
1555 1554
1556 1538
1557 1556
1558 1557
1559 1558
1560 1558
1561 1560
1562 1561
1563 1562
1564 1563
1565 1560
1566 1565
1567 1565
1568 1556
1569 1568
1570 1569
1571 1570
1572 1571
1573 1570
1574 1573
1575 1574
1576 1575
1577 1573
1578 1569
1579 1538
1580 1579
1581 1580
1582 1581
1583 1582
1584 1583
1585 1584
1586 1585
1587 1585
1588 1584
1589 1588
1590 1583
1591 1590
1592 1591
1593 1591
1594 1581
1595 1594
1596 1595
1597 1596
1598 1595
1599 1598
1600 1599
1601 1594
1602 1601
1603 1601
1604 1537
1605 1604
1606 1605
1607 1606
1608 1607
1609 1607
1610 1609
1611 1610
1612 1611
1613 1612
1614 1609
1615 1614
1616 1615
1617 1616
1618 1616
1619 1614
1620 1619
1621 1620
1622 1620
1623 1609
1624 1623
1625 1605
1626 1625
1627 1626
1628 1626
1629 1628
1630 1629
1631 1630
1632 1629
1633 1625
1634 1633
1635 1634
1636 1635
1637 1635
1638 1637
1639 1638
1640 1637
1641 1640
1642 1633
1643 1642
1644 1643
1645 1644
1646 1645
1647 1645
1648 1643
1649 1648
1650 1649
1651 1625
1652 1651
1653 1447
1654 1653
1655 1654
1656 1655
1657 1656
1658 1657
1659 1658
1660 1659
1661 1660
1662 1661
1663 1662
1664 1661
1665 1660
1666 1665
1667 1666
1668 1667
1669 1667
1670 1665
1671 1670
1672 1671
1673 1671
1674 1660
1675 1674
1676 1675
1677 1676
1678 1674
1679 1659
1680 1679
1681 1680
1682 1681
1683 1681
1684 1683
1685 1680
1686 1657
1687 1686
1688 1687
1689 1687
1690 1689
1691 1690
1692 1691
1693 1691
1694 1693
1695 1691
1696 1695
1697 1695
1698 1690
1699 1698
1700 1699
1701 1699
1702 1686
1703 1702
1704 1703
1705 1704
1706 1705
1707 1704
1708 1707
1709 1708
1710 1708
1711 1707
1712 1711
1713 1707
1714 1713
1715 1713
1716 1702
1717 1716
1718 1717
1719 1718
1720 1719
1721 1719
1722 1718
1723 1686
1724 1723
1725 1724
1726 1725
1727 1726
1728 1727
1729 1725
1730 1729
1731 1730
1732 1729
1733 1732
1734 1729
1735 1734
1736 1734
1737 1723
1738 1737
1739 1738
1740 1739
1741 1740
1742 1739
1743 1742
1744 1739
1745 1744
1746 1744
1747 1653
1748 1747
1749 1748
1750 1749
1751 1750
1752 1751
1753 1752
1754 1753
1755 1754
1756 1754
1757 1756
1758 1757
1759 1757
1760 1753
1761 1760
1762 1761
1763 1762
1764 1762
1765 1753
1766 1765
1767 1766
1768 1767
1769 1767
1770 1765
1771 1770
1772 1771
1773 1771
1774 1752
1775 1774
1776 1775
1777 1776
1778 1777
1779 1777
1780 1776
1781 1780
1782 1780
1783 1776
1784 1783
1785 1783
1786 1775
1787 1750
1788 1787
1789 1788
1790 1789
1791 1790
1792 1791
1793 1790
1794 1793
1795 1794
1796 1793
1797 1793
1798 1797
1799 1797
1800 1788
1801 1800
1802 1801
1803 1802
1804 1803
1805 1801
1806 1787
1807 1806
1808 1806
1809 1808
1810 1809
1811 1787
1812 1811
1813 1812
1814 1813
1815 1814
1816 1815
1817 1815
1818 1813
1819 1818
1820 1819
1821 1818
1822 1821
1823 1821
1824 1818
1825 1824
1826 1824
1827 1811
1828 1827
1829 1828
1830 1829
1831 1830
1832 1828
1833 1832
1834 1833
1835 1832
1836 1835
1837 1832
1838 1837
1839 1748
1840 1839
1841 1840
1842 1841
1843 1842
1844 1843
1845 1844
1846 1840
1847 1846
1848 1847
1849 1839
1850 1849
1851 1850
1852 1851
1853 1852
1854 1853
1855 1854
1856 1855
1857 1851
1858 1857
1859 1858
1860 1859
1861 1860
1862 1860
1863 1857
1864 1863
1865 1864
1866 1865
1867 1865
1868 1849
1869 1868
1870 1869
1871 1870
1872 1871
1873 1870
1874 1873
1875 1874
1876 1875
1877 1875
1878 1873
1879 1870
1880 1879
1881 1869
1882 1881
1883 1882
1884 1883
1885 1882
1886 1885
1887 1886
1888 1886
1889 1839
1890 1889
1891 1890
1892 1891
1893 1892
1894 1893
1895 1894
1896 1895
1897 1895
1898 1893
1899 1898
1900 1899
1901 1898
1902 1901
1903 1901
1904 1891
1905 1904
1906 1905
1907 1906
1908 1907
1909 1907
1910 1905
1911 1910
1912 1904
1913 1912
1914 1912
1915 1914
1916 1915
1917 1904
1918 1917
1919 1918
1920 1919
1921 1889
1922 1014
1923 1922
1924 1923
1925 1924
1926 1925
1927 1925
1928 1927
1929 1928
1930 1929
1931 1930
1932 1931
1933 1932
1934 1933
1935 1934
1936 1935
1937 1936
1938 1936
1939 1933
1940 1939
1941 1933
1942 1941
1943 1942
1944 1943
1945 1932
1946 1945
1947 1946
1948 1947
1949 1948
1950 1948
1951 1947
1952 1951
1953 1947
1954 1953
1955 1946
1956 1955
1957 1956
1958 1956
1959 1929
1960 1959
1961 1960
1962 1961
1963 1962
1964 1963
1965 1964
1966 1965
1967 1963
1968 1967
1969 1968
1970 1961
1971 1970
1972 1971
1973 1971
1974 1973
1975 1974
1976 1970
1977 1976
1978 1977
1979 1959
1980 1979
1981 1980
1982 1981
1983 1982
1984 1982
1985 1981
1986 1985
1987 1986
1988 1987
1989 1980
1990 1989
1991 1990
1992 1991
1993 1992
1994 1992
1995 1990
1996 1995
1997 1996
1998 1996
1999 1995
2000 1999
2001 1999
2002 1995
2003 2002
2004 1929
2005 2004
2006 2005
2007 2006
2008 2004
2009 2008
2010 2009
2011 2009
2012 2011
2013 2012
2014 2013
2015 2014
2016 2012
2017 2016
2018 2017
2019 2011
2020 2019
2021 2019
2022 1928
2023 2022
2024 2023
2025 2024
2026 2025
2027 2026
2028 2027
2029 2028
2030 2029
2031 2028
2032 2031
2033 2031
2034 2028
2035 2034
2036 2027
2037 2036
2038 2037
2039 2037
2040 2025
2041 2040
2042 2041
2043 2042
2044 2043
2045 2043
2046 2042
2047 2046
2048 2041
2049 2048
2050 2049
2051 2024
2052 2051
2053 2052
2054 2053
2055 2054
2056 2055
2057 2055
2058 2053
2059 2058
2060 2059
2061 2059
2062 2058
2063 2062
2064 2051
2065 2064
2066 2065
2067 2066
2068 2067
2069 2067
2070 2066
2071 2066
2072 2024
2073 2072
2074 2073
2075 2074
2076 2075
2077 2076
2078 2076
2079 2072
2080 2079
2081 2080
2082 2081
2083 2082
2084 2082
2085 2023
2086 2085
2087 2086
2088 2087
2089 2088
2090 2088
2091 2090
2092 2091
2093 2090
2094 2093
2095 2093
2096 2090
2097 2096
2098 2086
2099 2098
2100 2099
2101 2100
2102 2101
2103 2099
2104 2103
2105 2104
2106 2104
2107 2098
2108 2107
2109 2107
2110 2109
2111 2110
2112 2098
2113 2112
2114 2112
2115 1924
2116 2115
2117 2116
2118 2117
2119 2118
2120 2119
2121 2120
2122 2121
2123 2121
2124 2123
2125 2124
2126 2124
2127 2120
2128 2127
2129 2128
2130 2129
2131 2130
2132 2131
2133 2131
2134 2129
2135 2134
2136 2135
2137 2134
2138 2137
2139 2137
2140 2127
2141 2140
2142 2141
2143 2142
2144 2143
2145 2143
2146 2142
2147 2146
2148 2146
2149 2141
2150 2149
2151 2150
2152 2150
2153 2120
2154 2153
2155 2153
2156 2155
2157 2156
2158 2157
2159 2119
2160 2159
2161 2160
2162 2161
2163 2162
2164 2163
2165 2164
2166 2162
2167 2161
2168 2167
2169 2168
2170 2169
2171 2167
2172 2161
2173 2172
2174 2173
2175 2174
2176 2174
2177 2172
2178 2177
2179 2178
2180 2178
2181 2160
2182 2181
2183 2182
2184 2183
2185 2184
2186 2184
2187 2182
2188 2187
2189 2188
2190 2187
2191 2190
2192 2187
2193 2192
2194 2117
2195 2194
2196 2195
2197 2196
2198 2197
2199 2198
2200 2199
2201 2200
2202 2201
2203 2201
2204 2197
2205 2204
2206 2205
2207 2204
2208 2207
2209 2207
2210 2209
2211 2210
2212 2210
2213 2195
2214 2213
2215 2214
2216 2215
2217 2216
2218 2217
2219 2194
2220 2219
2221 2219
2222 2221
2223 2222
2224 2223
2225 2224
2226 2225
2227 2226
2228 2224
2229 2223
2230 2229
2231 2230
2232 2231
2233 2229
2234 2223
2235 2234
2236 2235
2237 2236
2238 2236
2239 2222
2240 2239
2241 2240
2242 2241
2243 2242
2244 2242
2245 2240
2246 2245
2247 2246
2248 2245
2249 2248
2250 2248
2251 2194
2252 2251
2253 2251
2254 2253
2255 2254
2256 2255
2257 2256
2258 2257
2259 2258
2260 2254
2261 2260
2262 2261
2263 2260
2264 2263
2265 2264
2266 2265
2267 2263
2268 1923
2269 2268
2270 2269
2271 2270
2272 2271
2273 2272
2274 2273
2275 2274
2276 2275
2277 2275
2278 2274
2279 2278
2280 2274
2281 2280
2282 2271
2283 2282
2284 2283
2285 2283
2286 2285
2287 2286
2288 2287
2289 2288
2290 2287
2291 2290
2292 2291
2293 2292
2294 2292
2295 2290
2296 2286
2297 2282
2298 2297
2299 2298
2300 2299
2301 2299
2302 2301
2303 2302
2304 2302
2305 2304
2306 2305
2307 2301
2308 2307
2309 2301
2310 2309
2311 2309
2312 2297
2313 2312
2314 2313
2315 2314
2316 2315
2317 2314
2318 2317
2319 2317
2320 2313
2321 2282
2322 2321
2323 2322
2324 2323
2325 2324
2326 2324
2327 2326
2328 2324
2329 2321
2330 2269
2331 2330
2332 2331
2333 2332
2334 2333
2335 2334
2336 2334
2337 2336
2338 2337
2339 2338
2340 2338
2341 2340
2342 2341
2343 2341
2344 2340
2345 2344
2346 2336
2347 2346
2348 2347
2349 2348
2350 2334
2351 2350
2352 2351
2353 2352
2354 2353
2355 2352
2356 2355
2357 2355
2358 2357
2359 2357
2360 2355
2361 2360
2362 2333
2363 2362
2364 2363
2365 2364
2366 2365
2367 2364
2368 2367
2369 2368
2370 2369
2371 2369
2372 2367
2373 2372
2374 2373
2375 2363
2376 2331
2377 2376
2378 2377
2379 2378
2380 2379
2381 2380
2382 2381
2383 2382
2384 2378
2385 2384
2386 2384
2387 2386
2388 2387
2389 2388
2390 2389
2391 2387
2392 2391
2393 2392
2394 2392
2395 2391
2396 2395
2397 2391
2398 2397
2399 2377
2400 2399
2401 2400
2402 2401
2403 2402
2404 2403
2405 2402
2406 2405
2407 2406
2408 2406
2409 2405
2410 2409
2411 2409
2412 2405
2413 2330
2414 2413
2415 2414
2416 2415
2417 2416
2418 2417
2419 2418
2420 2419
2421 2420
2422 2421
2423 2419
2424 2423
2425 2424
2426 2418
2427 2426
2428 2427
2429 2428
2430 2428
2431 2426
2432 2431
2433 2432
2434 2432
2435 2418
2436 2435
2437 2435
2438 2437
2439 2438
2440 2438
2441 2417
2442 2441
2443 2415
2444 2443
2445 2444
2446 2445
2447 2446
2448 2447
2449 2448
2450 2448
2451 2447
2452 2451
2453 2451
2454 2443
2455 2454
2456 2454
2457 2456
2458 2457
2459 2458
2460 2459
2461 2443
2462 2461
2463 2461
2464 2463
2465 2464
2466 2465
2467 2466
2468 2466
2469 2465
2470 2469
2471 2469
2472 2465
2473 2472
2474 2413
2475 2474
2476 2475
2477 2476
2478 2477
2479 2478
2480 2479
2481 2480
2482 2481
2483 2480
2484 2483
2485 2479
2486 2485
2487 2486
2488 2486
2489 2477
2490 2489
2491 2490
2492 2491
2493 2492
2494 2491
2495 2494
2496 2494
2497 2491
2498 2497
2499 2497
2500 2490
2501 2500
2502 2501
2503 2501
2504 2476
2505 2504
2506 2505
2507 2506
2508 2507
2509 2508
2510 2508
2511 2506
2512 2511
2513 2512
2514 2512
2515 2511
2516 2515
2517 2515
2518 2511
2519 2518
2520 2518
2521 2475
2522 2521
2523 2522
2524 2522
2525 2524
2526 2525
2527 2526
2528 2527
2529 2525
2530 2529
2531 2530
2532 2530
2533 2524
2534 2533
2535 2534
2536 2535
2537 2535
2538 2533
2539 2524
2540 2539
2541 2540
2542 2330
2543 2542
2544 2543
2545 2544
2546 2545
2547 2546
2548 2547
2549 2542
2550 2549
2551 2550
2552 2551
2553 2552
2554 2553
2555 2554
2556 2555
2557 2556
2558 2556
2559 2554
2560 2559
2561 2560
2562 2560
2563 2550
2564 2563
2565 2564
2566 2565
2567 2566
2568 2567
2569 2568
2570 2564
2571 2570
2572 2571
2573 2572
2574 2573
2575 2573
2576 2571
2577 2576
2578 2577
2579 2577
2580 2563
2581 2580
2582 2580
2583 2563
2584 2583
2585 2584
2586 2585
2587 2583
2588 6
2589 2588
2590 2589
2591 2590
2592 2591
2593 2592
2594 2593
2595 2594
2596 2595
2597 2596
2598 2597
2599 2598
2600 2599
2601 2600
2602 2600
2603 2602
2604 2603
2605 2603
2606 2599
2607 2606
2608 2606
2609 2598
2610 2596
2611 2610
2612 2611
2613 2612
2614 2595
2615 2614
2616 2615
2617 2616
2618 2616
2619 2618
2620 2619
2621 2618
2622 2618
2623 2622
2624 2623
2625 2624
2626 2624
2627 2622
2628 2614
2629 2628
2630 2595
2631 2630
2632 2631
2633 2632
2634 2633
2635 2634
2636 2635
2637 2634
2638 2637
2639 2630
2640 2592
2641 2640
2642 2641
2643 2642
2644 2643
2645 2644
2646 2645
2647 2646
2648 2647
2649 2648
2650 2649
2651 2647
2652 2646
2653 2652
2654 2652
2655 2654
2656 2655
2657 2646
2658 2645
2659 2658
2660 2641
2661 2660
2662 2661
2663 2662
2664 2663
2665 2663
2666 2662
2667 2666
2668 2667
2669 2668
2670 2669
2671 2670
2672 2666
2673 2672
2674 2673
2675 2674
2676 2675
2677 2674
2678 2677
2679 2674
2680 2679
2681 2673
2682 2681
2683 2682
2684 2661
2685 2684
2686 2685
2687 2686
2688 2685
2689 2688
2690 2689
2691 2640
2692 2691
2693 2692
2694 2693
2695 2694
2696 2695
2697 2696
2698 2697
2699 2697
2700 2699
2701 2700
2702 2696
2703 2702
2704 2703
2705 2704
2706 2704
2707 2702
2708 2707
2709 2708
2710 2708
2711 2696
2712 2711
2713 2712
2714 2713
2715 2711
2716 2715
2717 2716
2718 2716
2719 2695
2720 2693
2721 2720
2722 2721
2723 2722
2724 2723
2725 2724
2726 2725
2727 2723
2728 2727
2729 2728
2730 2727
2731 2730
2732 2730
2733 2727
2734 2733
2735 2733
2736 2721
2737 2736
2738 2737
2739 2738
2740 2720
2741 2740
2742 2741
2743 2742
2744 2743
2745 2742
2746 2745
2747 2746
2748 2746
2749 2740
2750 2691
2751 2750
2752 2751
2753 2752
2754 2753
2755 2752
2756 2755
2757 2755
2758 2757
2759 2758
2760 2759
2761 2760
2762 2759
2763 2762
2764 2758
2765 2764
2766 2765
2767 2765
2768 2752
2769 2768
2770 2769
2771 2770
2772 2771
2773 2772
2774 2768
2775 2751
2776 2775
2777 2776
2778 2777
2779 2778
2780 2779
2781 2780
2782 2778
2783 2782
2784 2783
2785 2782
2786 2785
2787 2776
2788 2787
2789 2640
2790 2789
2791 2790
2792 2791
2793 2792
2794 2793
2795 2793
2796 2795
2797 2796
2798 2797
2799 2798
2800 2798
2801 2796
2802 2801
2803 2802
2804 2791
2805 2804
2806 2805
2807 2806
2808 2807
2809 2808
2810 2809
2811 2809
2812 2805
2813 2812
2814 2813
2815 2814
2816 2815
2817 2814
2818 2817
2819 2804
2820 2819
2821 2820
2822 2821
2823 2789
2824 2823
2825 2824
2826 2825
2827 2826
2828 2827
2829 2828
2830 2829
2831 2830
2832 2826
2833 2832
2834 2833
2835 2834
2836 2835
2837 2833
2838 2837
2839 2838
2840 2832
2841 2840
2842 2840
2843 2842
2844 2843
2845 2843
2846 2832
2847 2846
2848 2847
2849 2848
2850 2824
2851 2850
2852 2851
2853 2852
2854 2853
2855 2854
2856 2855
2857 2854
2858 2857
2859 2854
2860 2853
2861 2850
2862 2861
2863 2862
2864 2863
2865 2864
2866 2865
2867 2865
2868 2861
2869 2868
2870 2869
2871 2869
2872 2871
2873 2850
2874 2590
2875 2874
2876 2875
2877 2876
2878 2877
2879 2878
2880 2879
2881 2880
2882 2881
2883 2882
2884 2883
2885 2884
2886 2885
2887 2885
2888 2884
2889 2888
2890 2888
2891 2883
2892 2891
2893 2892
2894 2881
2895 2894
2896 2895
2897 2895
2898 2894
2899 2898
2900 2899
2901 2900
2902 2900
2903 2894
2904 2903
2905 2904
2906 2905
2907 2903
2908 2907
2909 2908
2910 2908
2911 2879
2912 2911
2913 2912
2914 2913
2915 2914
2916 2915
2917 2916
2918 2916
2919 2913
2920 2919
2921 2920
2922 2921
2923 2921
2924 2912
2925 2924
2926 2925
2927 2926
2928 2927
2929 2927
2930 2925
2931 2930
2932 2931
2933 2931
2934 2930
2935 2934
2936 2934
2937 2930
2938 2878
2939 2938
2940 2939
2941 2940
2942 2940
2943 2942
2944 2943
2945 2942
2946 2945
2947 2946
2948 2947
2949 2945
2950 2949
2951 2950
2952 2950
2953 2938
2954 2953
2955 2954
2956 2955
2957 2954
2958 2957
2959 2958
2960 2958
2961 2877
2962 2961
2963 2962
2964 2963
2965 2964
2966 2964
2967 2966
2968 2967
2969 2968
2970 2969
2971 2969
2972 2963
2973 2972
2974 2973
2975 2974
2976 2975
2977 2976
2978 2974
2979 2978
2980 2979
2981 2979
2982 2978
2983 2982
2984 2982
2985 2978
2986 2985
2987 2972
2988 2987
2989 2988
2990 2989
2991 2990
2992 2989
2993 2992
2994 2989
2995 2994
2996 2988
2997 2996
2998 2997
2999 2997
3000 2962
3001 3000
3002 3001
3003 3002
3004 3003
3005 3004
3006 3005
3007 3003
3008 2875
3009 3008
3010 3009
3011 3010
3012 3011
3013 3012
3014 3013
3015 3014
3016 3015
3017 3016
3018 3017
3019 3017
3020 3015
3021 3020
3022 3013
3023 3022
3024 3023
3025 3024
3026 3025
3027 3025
3028 3024
3029 3028
3030 3023
3031 3030
3032 3012
3033 3032
3034 3032
3035 3012
3036 3035
3037 3036
3038 3037
3039 3038
3040 3039
3041 3039
3042 3037
3043 3042
3044 3043
3045 3043
3046 3042
3047 3046
3048 3042
3049 3048
3050 3035
3051 3011
3052 3051
3053 3052
3054 3052
3055 3054
3056 3055
3057 3056
3058 3057
3059 3057
3060 3055
3061 3060
3062 3061
3063 3061
3064 3054
3065 3064
3066 3065
3067 3066
3068 3066
3069 3054
3070 2874
3071 3070
3072 3071
3073 3072
3074 3073
3075 3074
3076 3075
3077 3076
3078 3077
3079 3078
3080 3079
3081 3080
3082 3080
3083 3079
3084 3083
3085 3083
3086 3075
3087 3086
3088 3087
3089 3088
3090 3089
3091 3090
3092 3090
3093 3088
3094 3093
3095 3094
3096 3093
3097 3096
3098 3096
3099 3086
3100 3099
3101 3100
3102 3101
3103 3102
3104 3101
3105 3101
3106 3105
3107 3100
3108 3107
3109 3108
3110 3108
3111 3075
3112 3111
3113 3112
3114 3113
3115 3113
3116 3115
3117 3116
3118 3116
3119 3115
3120 3119
3121 3119
3122 3111
3123 3122
3124 3123
3125 3124
3126 3125
3127 3123
3128 3127
3129 3128
3130 3128
3131 3127
3132 3131
3133 3131
3134 3074
3135 3134
3136 3135
3137 3136
3138 3137
3139 3138
3140 3139
3141 3137
3142 3141
3143 3142
3144 3142
3145 3136
3146 3145
3147 3146
3148 3147
3149 3136
3150 3149
3151 3150
3152 3151
3153 3151
3154 3149
3155 3154
3156 3155
3157 3155
3158 3135
3159 3158
3160 3159
3161 3160
3162 3161
3163 3159
3164 3163
3165 3164
3166 3164
3167 3072
3168 3167
3169 3168
3170 3168
3171 3170
3172 3171
3173 3172
3174 3173
3175 3173
3176 3175
3177 3176
3178 3172
3179 3178
3180 3179
3181 3178
3182 3181
3183 3182
3184 3182
3185 3172
3186 3185
3187 3186
3188 3187
3189 3187
3190 3171
3191 3190
3192 3191
3193 3192
3194 3193
3195 3191
3196 3195
3197 3196
3198 3196
3199 3195
3200 3199
3201 3195
3202 3201
3203 3201
3204 3167
3205 3204
3206 3205
3207 3206
3208 3207
3209 3208
3210 3209
3211 3210
3212 3208
3213 3212
3214 3213
3215 3213
3216 3212
3217 3216
3218 3216
3219 3212
3220 3219
3221 3219
3222 3206
3223 3222
3224 3223
3225 3224
3226 3225
3227 3223
3228 3227
3229 3228
3230 3222
3231 3230
3232 3230
3233 3222
3234 3233
3235 3234
3236 3235
3237 3233
3238 3070
3239 3238
3240 3239
3241 3240
3242 3241
3243 3242
3244 3243
3245 3244
3246 3245
3247 3246
3248 3247
3249 3246
3250 3249
3251 3249
3252 3245
3253 3252
3254 3253
3255 3241
3256 3255
3257 3256
3258 3257
3259 3258
3260 3259
3261 3260
3262 3260
3263 3257
3264 3263
3265 3264
3266 3265
3267 3265
3268 3263
3269 3268
3270 3269
3271 3257
3272 3271
3273 3271
3274 3273
3275 3274
3276 3256
3277 3276
3278 3277
3279 3278
3280 3279
3281 3279
3282 3278
3283 3282
3284 3282
3285 3278
3286 3285
3287 3285
3288 3277
3289 3288
3290 3289
3291 3240
3292 3291
3293 3291
3294 3293
3295 3294
3296 3295
3297 3296
3298 3296
3299 3298
3300 3299
3301 3299
3302 3295
3303 3302
3304 3303
3305 3304
3306 3302
3307 3306
3308 3294
3309 3240
3310 3309
3311 3310
3312 3311
3313 3312
3314 3313
3315 3314
3316 3315
3317 3315
3318 3314
3319 3318
3320 3318
3321 3314
3322 3321
3323 3321
3324 3313
3325 3324
3326 3325
3327 3325
3328 3311
3329 3328
3330 3329
3331 3330
3332 3331
3333 3331
3334 3329
3335 3334
3336 3335
3337 3335
3338 3328
3339 3338
3340 3338
3341 3340
3342 3341
3343 3328
3344 3343
3345 3344
3346 3345
3347 3343
3348 3239
3349 3348
3350 3349
3351 3350
3352 3351
3353 3351
3354 3353
3355 3354
3356 3355
3357 3356
3358 3354
3359 3353
3360 3359
3361 3359
3362 3349
3363 3362
3364 3363
3365 3364
3366 3365
3367 3366
3368 3367
3369 3365
3370 3369
3371 3370
3372 3370
3373 3363
3374 3373
3375 3374
3376 3375
3377 3376
3378 3376
3379 3375
3380 3379
3381 3379
3382 3374
3383 3382
3384 3383
3385 3362
3386 3385
3387 3386
3388 3387
3389 3388
3390 3389
3391 3389
3392 3387
3393 3392
3394 3393
3395 3392
3396 3395
3397 3395
3398 3385
3399 3398
3400 3399
3401 3400
3402 3401
3403 3399
3404 3362
3405 3404
3406 3405
3407 2874
3408 3407
3409 3408
3410 3409
3411 3410
3412 3411
3413 3412
3414 3413
3415 3414
3416 3415
3417 3415
3418 3414
3419 3418
3420 3419
3421 3420
3422 3418
3423 3422
3424 3413
3425 3424
3426 3425
3427 3426
3428 3427
3429 3411
3430 3429
3431 3430
3432 3429
3433 3432
3434 3432
3435 3434
3436 3429
3437 3436
3438 3437
3439 3438
3440 3439
3441 3440
3442 3436
3443 3442
3444 3443
3445 3444
3446 3445
3447 3445
3448 3443
3449 3448
3450 3449
3451 3449
3452 3448
3453 3448
3454 3453
3455 3409
3456 3455
3457 3456
3458 3457
3459 3458
3460 3459
3461 3460
3462 3461
3463 3462
3464 3461
3465 3464
3466 3464
3467 3461
3468 3467
3469 3467
3470 3460
3471 3470
3472 3471
3473 3471
3474 3456
3475 3474
3476 3475
3477 3476
3478 3477
3479 3478
3480 3479
3481 3479
3482 3476
3483 3482
3484 3483
3485 3484
3486 3482
3487 3486
3488 3487
3489 3476
3490 3489
3491 3490
3492 3491
3493 3489
3494 3493
3495 3494
3496 3494
3497 3475
3498 3497
3499 3498
3500 3499
3501 3500
3502 3500
3503 3499
3504 3503
3505 3503
3506 3499
3507 3506
3508 3506
3509 3498
3510 3509
3511 3510
3512 3455
3513 3512
3514 3512
3515 3514
3516 3515
3517 3455
3518 3517
3519 3518
3520 3519
3521 3519
3522 3521
3523 3522
3524 3522
3525 3524
3526 3525
3527 3517
3528 2588
3529 3528
3530 3529
3531 3530
3532 3531
3533 3532
3534 3533
3535 3534
3536 3535
3537 3535
3538 3537
3539 3538
3540 3539
3541 3540
3542 3539
3543 3539
3544 3543
3545 3543
3546 3534
3547 3546
3548 3547
3549 3548
3550 3549
3551 3550
3552 3551
3553 3551
3554 3553
3555 3553
3556 3550
3557 3556
3558 3557
3559 3557
3560 3548
3561 3560
3562 3561
3563 3560
3564 3563
3565 3564
3566 3560
3567 3566
3568 3567
3569 3566
3570 3569
3571 3570
3572 3570
3573 3546
3574 3573
3575 3574
3576 3575
3577 3576
3578 3577
3579 3578
3580 3578
3581 3576
3582 3574
3583 3534
3584 3583
3585 3584
3586 3585
3587 3585
3588 3587
3589 3588
3590 3589
3591 3590
3592 3588
3593 3592
3594 3587
3595 3594
3596 3595
3597 3596
3598 3596
3599 3594
3600 3599
3601 3600
3602 3583
3603 3602
3604 3603
3605 3604
3606 3605
3607 3606
3608 3607
3609 3607
3610 3605
3611 3610
3612 3611
3613 3611
3614 3610
3615 3614
3616 3614
3617 3610
3618 3617
3619 3617
3620 3603
3621 3620
3622 3621
3623 3622
3624 3623
3625 3621
3626 3625
3627 3626
3628 3620
3629 3628
3630 3629
3631 3630
3632 3533
3633 3632
3634 3633
3635 3634
3636 3635
3637 3636
3638 3637
3639 3638
3640 3638
3641 3640
3642 3640
3643 3638
3644 3643
3645 3637
3646 3645
3647 3646
3648 3634
3649 3648
3650 3648
3651 3650
3652 3651
3653 3652
3654 3653
3655 3653
3656 3634
3657 3656
3658 3657
3659 3658
3660 3659
3661 3660
3662 3660
3663 3658
3664 3663
3665 3664
3666 3664
3667 3663
3668 3667
3669 3656
3670 3669
3671 3670
3672 3671
3673 3672
3674 3671
3675 3674
3676 3633
3677 3676
3678 3677
3679 3678
3680 3679
3681 3679
3682 3681
3683 3682
3684 3682
3685 3681
3686 3685
3687 3677
3688 3687
3689 3688
3690 3689
3691 3690
3692 3690
3693 3688
3694 3693
3695 3694
3696 3694
3697 3687
3698 3697
3699 3698
3700 3699
3701 3697
3702 3701
3703 3702
3704 3531
3705 3704
3706 3705
3707 3706
3708 3707
3709 3707
3710 3709
3711 3710
3712 3711
3713 3712
3714 3713
3715 3713
3716 3715
3717 3715
3718 3713
3719 3718
3720 3718
3721 3712
3722 3721
3723 3722
3724 3709
3725 3724
3726 3709
3727 3726
3728 3727
3729 3728
3730 3729
3731 3729
3732 3731
3733 3731
3734 3729
3735 3734
3736 3726
3737 3736
3738 3737
3739 3738
3740 3705
3741 3740
3742 3741
3743 3742
3744 3743
3745 3742
3746 3745
3747 3741
3748 3747
3749 3748
3750 3749
3751 3750
3752 3751
3753 3752
3754 3752
3755 3704
3756 3755
3757 3756
3758 3757
3759 3758
3760 3759
3761 3760
3762 3761
3763 3761
3764 3760
3765 3764
3766 3760
3767 3766
3768 3767
3769 3768
3770 3768
3771 3766
3772 3771
3773 3772
3774 3772
3775 3759
3776 3775
3777 3776
3778 3777
3779 3778
3780 3778
3781 3777
3782 3781
3783 3781
3784 3777
3785 3784
3786 3784
3787 3776
3788 3787
3789 3788
3790 3788
3791 3755
3792 3791
3793 3792
3794 3793
3795 3794
3796 3795
3797 3794
3798 3793
3799 3798
3800 3799
3801 3800
3802 3801
3803 3802
3804 3802
3805 3793
3806 3805
3807 3806
3808 3807
3809 3808
3810 3809
3811 3809
3812 3807
3813 3812
3814 3813
3815 3813
3816 3805
3817 3792
3818 3817
3819 3818
3820 3819
3821 3704
3822 3821
3823 3822
3824 3823
3825 3824
3826 3825
3827 3826
3828 3827
3829 3828
3830 3829
3831 3829
3832 3828
3833 3832
3834 3825
3835 3834
3836 3835
3837 3835
3838 3837
3839 3838
3840 3838
3841 3834
3842 3841
3843 3842
3844 3843
3845 3843
3846 3841
3847 3834
3848 3847
3849 3847
3850 3849
3851 3850
3852 3850
3853 3823
3854 3853
3855 3854
3856 3855
3857 3856
3858 3857
3859 3857
3860 3859
3861 3859
3862 3853
3863 3862
3864 3863
3865 3864
3866 3865
3867 3866
3868 3866
3869 3862
3870 3869
3871 3870
3872 3871
3873 3872
3874 3872
3875 3870
3876 3853
3877 3876
3878 3876
3879 3878
3880 3879
3881 3880
3882 3881
3883 3881
3884 3879
3885 3884
3886 3885
3887 3885
3888 3884
3889 3888
3890 3888
3891 3884
3892 3891
3893 3821
3894 3893
3895 3894
3896 3895
3897 3896
3898 3897
3899 3898
3900 3899
3901 3900
3902 3900
3903 3899
3904 3903
3905 3903
3906 3899
3907 3906
3908 3906
3909 3898
3910 3909
3911 3910
3912 3910
3913 3896
3914 3913
3915 3914
3916 3915
3917 3916
3918 3916
3919 3914
3920 3919
3921 3920
3922 3920
3923 3913
3924 3923
3925 3913
3926 3925
3927 3926
3928 3927
3929 3927
3930 3925
3931 3894
3932 3931
3933 3932
3934 3933
3935 3934
3936 3931
3937 3936
3938 3937
3939 3938
3940 3938
3941 3936
3942 3941
3943 3942
3944 3943
3945 3944
3946 3943
3947 3946
3948 3946
3949 3943
3950 3949
3951 3942
3952 3931
3953 3952
3954 3953
3955 3954
3956 3955
3957 3956
3958 3954
3959 3958
3960 3959
3961 3958
3962 3961
3963 3958
3964 3963
3965 3529
3966 3965
3967 3966
3968 3966
3969 3968
3970 3969
3971 3970
3972 3971
3973 3972
3974 3973
3975 3971
3976 3975
3977 3976
3978 3977
3979 3978
3980 3979
3981 3980
3982 3980
3983 3977
3984 3983
3985 3976
3986 3985
3987 3986
3988 3987
3989 3986
3990 3989
3991 3990
3992 3990
3993 3989
3994 3993
3995 3993
3996 3989
3997 3996
3998 3996
3999 3970
4000 3999
4001 4000
4002 4001
4003 4002
4004 4003
4005 4004
4006 4005
4007 4005
4008 4001
4009 4008
4010 4009
4011 4009
4012 4011
4013 4012
4014 3999
4015 4014
4016 4015
4017 4016
4018 4017
4019 4018
4020 4017
4021 4020
4022 4021
4023 4015
4024 4023
4025 4024
4026 4025
4027 4026
4028 4024
4029 4028
4030 4029
4031 4029
4032 4023
4033 4032
4034 4032
4035 4034
4036 4035
4037 4035
4038 3969
4039 4038
4040 4039
4041 4040
4042 4041
4043 4042
4044 4043
4045 4044
4046 4045
4047 4045
4048 4041
4049 4048
4050 4049
4051 4050
4052 4051
4053 4050
4054 4053
4055 4053
4056 4049
4057 4040
4058 4057
4059 4058
4060 4059
4061 4060
4062 4061
4063 4059
4064 4063
4065 4064
4066 4063
4067 4066
4068 4066
4069 4063
4070 4069
4071 4069
4072 4057
4073 4072
4074 4073
4075 4074
4076 4075
4077 4075
4078 4039
4079 4078
4080 4079
4081 4080
4082 4081
4083 4082
4084 4083
4085 4082
4086 4085
4087 4085
4088 4079
4089 4088
4090 4089
4091 4090
4092 4089
4093 4088
4094 4093
4095 4094
4096 4095
4097 4095
4098 4093
4099 4098
4100 4099
4101 4088
4102 4101
4103 4101
4104 3965
4105 4104
4106 4105
4107 4106
4108 4107
4109 4108
4110 4109
4111 4110
4112 4111
4113 4112
4114 4112
4115 4114
4116 4111
4117 4116
4118 4117
4119 4118
4120 4116
4121 4120
4122 4121
4123 4110
4124 4123
4125 4124
4126 4125
4127 4126
4128 4126
4129 4125
4130 4129
4131 4129
4132 4124
4133 4108
4134 4133
4135 4134
4136 4107
4137 4136
4138 4137
4139 4138
4140 4139
4141 4140
4142 4141
4143 4142
4144 4141
4145 4144
4146 4138
4147 4146
4148 4136
4149 4106
4150 4149
4151 4150
4152 4151
4153 4152
4154 4153
4155 4154
4156 4155
4157 4156
4158 4152
4159 4158
4160 4159
4161 4160
4162 4159
4163 4162
4164 4163
4165 4158
4166 4165
4167 4166
4168 4167
4169 4158
4170 4169
4171 3965
4172 4171
4173 4172
4174 4173
4175 4174
4176 4175
4177 4176
4178 4177
4179 4178
4180 4179
4181 4180
4182 4181
4183 4181
4184 4179
4185 4178
4186 4185
4187 4185
4188 4187
4189 4188
4190 4178
4191 4190
4192 4191
4193 4177
4194 4175
4195 4194
4196 4195
4197 4196
4198 4197
4199 4195
4200 4199
4201 4200
4202 4201
4203 4200
4204 4194
4205 4204
4206 4205
4207 4206
4208 4207
4209 4208
4210 4208
4211 4207
4212 4211
4213 4207
4214 4213
4215 4213
4216 4204
4217 4194
4218 4217
4219 4218
4220 4219
4221 4220
4222 4219
4223 4222
4224 4223
4225 4173
4226 4225
4227 4226
4228 4227
4229 4228
4230 4229
4231 4230
4232 4231
4233 4232
4234 4232
4235 4230
4236 4235
4237 4236
4238 4229
4239 4238
4240 4239
4241 4240
4242 4240
4243 4238
4244 4243
4245 4244
4246 4228
4247 4246
4248 4247
4249 4248
4250 4249
4251 4248
4252 4251
4253 4248
4254 4253
4255 4247
4256 4255
4257 4226
4258 4257
4259 4258
4260 4259
4261 4260
4262 4261
4263 4262
4264 4262
4265 4261
4266 4261
4267 4266
4268 4260
4269 4268
4270 4269
4271 4225
4272 4271
4273 4271
4274 4273
4275 4274
4276 4275
4277 4276
4278 4277
4279 4278
4280 4276
4281 4280
4282 4281
4283 4275
4284 4283
4285 4284
4286 4285
4287 4285
4288 4225
4289 4288
4290 4289
4291 4290
4292 4291
4293 4292
4294 4293
4295 4294
4296 4293
4297 4296
4298 4296
4299 4293
4300 4299
4301 4290
4302 4301
4303 4302
4304 4303
4305 4304
4306 4304
4307 4302
4308 4307
4309 4308
4310 4308
4311 4301
4312 4311
4313 4311
4314 4301
4315 4314
4316 4314
4317 4171
4318 5
4319 4318
4320 4319
4321 4320
4322 4321
4323 4322
4324 4323
4325 4324
4326 4325
4327 4326
4328 4327
4329 4328
4330 4329
4331 4330
4332 4331
4333 4332
4334 4333
4335 4333
4336 4332
4337 4331
4338 4337
4339 4338
4340 4338
4341 4328
4342 4341
4343 4341
4344 4328
4345 4344
4346 4344
4347 4327
4348 4347
4349 4348
4350 4349
4351 4350
4352 4351
4353 4352
4354 4352
4355 4350
4356 4355
4357 4356
4358 4356
4359 4349
4360 4359
4361 4359
4362 4348
4363 4324
4364 4363
4365 4364
4366 4365
4367 4366
4368 4367
4369 4368
4370 4369
4371 4369
4372 4371
4373 4372
4374 4368
4375 4374
4376 4375
4377 4376
4378 4376
4379 4374
4380 4379
4381 4380
4382 4380
4383 4368
4384 4383
4385 4384
4386 4385
4387 4383
4388 4387
4389 4388
4390 4367
4391 4390
4392 4391
4393 4392
4394 4393
4395 4392
4396 4395
4397 4392
4398 4397
4399 4397
4400 4391
4401 4400
4402 4365
4403 4402
4404 4403
4405 4404
4406 4405
4407 4406
4408 4405
4409 4408
4410 4408
4411 4410
4412 4410
4413 4403
4414 4402
4415 4414
4416 4414
4417 4416
4418 4417
4419 4418
4420 4419
4421 4419
4422 4418
4423 4422
4424 4418
4425 4424
4426 4417
4427 4402
4428 4427
4429 4428
4430 4429
4431 4430
4432 4431
4433 4427
4434 4433
4435 4434
4436 4435
4437 4436
4438 4436
4439 4363
4440 4439
4441 4440
4442 4441
4443 4442
4444 4442
4445 4444
4446 4445
4447 4446
4448 4447
4449 4446
4450 4449
4451 4445
4452 4451
4453 4452
4454 4440
4455 4454
4456 4455
4457 4456
4458 4457
4459 4458
4460 4459
4461 4459
4462 4458
4463 4462
4464 4455
4465 4464
4466 4465
4467 4466
4468 4467
4469 4467
4470 4464
4471 4470
4472 4471
4473 4472
4474 4470
4475 4474
4476 4475
4477 4475
4478 4464
4479 4478
4480 4324
4481 4480
4482 4481
4483 4482
4484 4483
4485 4484
4486 4485
4487 4485
4488 4482
4489 4488
4490 4489
4491 4488
4492 4491
4493 4492
4494 4493
4495 4493
4496 4495
4497 4495
4498 4497
4499 4491
4500 4499
4501 4500
4502 4501
4503 4502
4504 4501
4505 4504
4506 4488
4507 4506
4508 4507
4509 4508
4510 4508
4511 4510
4512 4511
4513 4511
4514 4480
4515 4514
4516 4515
4517 4516
4518 4517
4519 4518
4520 4519
4521 4323
4522 4521
4523 4522
4524 4523
4525 4524
4526 4525
4527 4526
4528 4527
4529 4528
4530 4529
4531 4530
4532 4530
4533 4528
4534 4533
4535 4534
4536 4527
4537 4536
4538 4526
4539 4524
4540 4539
4541 4540
4542 4541
4543 4542
4544 4543
4545 4544
4546 4544
4547 4542
4548 4541
4549 4541
4550 4540
4551 4550
4552 4551
4553 4552
4554 4553
4555 4553
4556 4552
4557 4556
4558 4523
4559 4558
4560 4559
4561 4558
4562 4523
4563 4562
4564 4563
4565 4564
4566 4565
4567 4566
4568 4567
4569 4568
4570 4568
4571 4567
4572 4571
4573 4571
4574 4567
4575 4574
4576 4574
4577 4566
4578 4577
4579 4578
4580 4578
4581 4564
4582 4581
4583 4582
4584 4583
4585 4584
4586 4584
4587 4582
4588 4581
4589 4588
4590 4589
4591 4590
4592 4581
4593 4592
4594 4562
4595 4594
4596 4595
4597 4596
4598 4597
4599 4598
4600 4599
4601 4599
4602 4597
4603 4602
4604 4603
4605 4603
4606 4596
4607 4606
4608 4607
4609 4606
4610 4609
4611 4610
4612 4610
4613 4595
4614 4613
4615 4614
4616 4615
4617 4616
4618 4616
4619 4615
4620 4619
4621 4615
4622 4621
4623 4621
4624 4522
4625 4624
4626 4625
4627 4626
4628 4627
4629 4628
4630 4629
4631 4630
4632 4631
4633 4631
4634 4630
4635 4634
4636 4634
4637 4629
4638 4637
4639 4638
4640 4627
4641 4640
4642 4641
4643 4640
4644 4643
4645 4644
4646 4645
4647 4625
4648 4647
4649 4648
4650 4649
4651 4650
4652 4651
4653 4652
4654 4651
4655 4654
4656 4651
4657 4656
4658 4656
4659 4650
4660 4659
4661 4660
4662 4660
4663 4648
4664 4663
4665 4664
4666 4665
4667 4666
4668 4665
4669 4668
4670 4665
4671 4670
4672 4647
4673 4672
4674 4672
4675 4674
4676 4675
4677 4676
4678 4677
4679 4647
4680 4679
4681 4680
4682 4679
4683 4682
4684 4683
4685 4684
4686 4685
4687 4685
4688 4321
4689 4688
4690 4689
4691 4690
4692 4691
4693 4692
4694 4693
4695 4694
4696 4695
4697 4695
4698 4697
4699 4698
4700 4699
4701 4700
4702 4700
4703 4699
4704 4703
4705 4698
4706 4705
4707 4706
4708 4706
4709 4694
4710 4709
4711 4709
4712 4711
4713 4694
4714 4713
4715 4713
4716 4715
4717 4716
4718 4717
4719 4718
4720 4693
4721 4720
4722 4721
4723 4722
4724 4723
4725 4724
4726 4725
4727 4725
4728 4723
4729 4728
4730 4729
4731 4729
4732 4721
4733 4732
4734 4733
4735 4734
4736 4735
4737 4733
4738 4737
4739 4738
4740 4738
4741 4737
4742 4741
4743 4690
4744 4743
4745 4744
4746 4745
4747 4746
4748 4747
4749 4748
4750 4749
4751 4750
4752 4751
4753 4749
4754 4748
4755 4754
4756 4755
4757 4756
4758 4756
4759 4754
4760 4759
4761 4760
4762 4760
4763 4748
4764 4763
4765 4747
4766 4765
4767 4766
4768 4767
4769 4768
4770 4767
4771 4770
4772 4770
4773 4766
4774 4745
4775 4774
4776 4775
4777 4776
4778 4777
4779 4778
4780 4779
4781 4777
4782 4781
4783 4782
4784 4782
4785 4774
4786 4785
4787 4786
4788 4787
4789 4787
4790 4789
4791 4790
4792 4790
4793 4789
4794 4793
4795 4789
4796 4774
4797 4796
4798 4796
4799 4798
4800 4799
4801 4800
4802 4801
4803 4801
4804 4743
4805 4804
4806 4805
4807 4806
4808 4807
4809 4808
4810 4809
4811 4810
4812 4811
4813 4811
4814 4809
4815 4814
4816 4815
4817 4814
4818 4817
4819 4817
4820 4814
4821 4820
4822 4820
4823 4807
4824 4823
4825 4824
4826 4825
4827 4826
4828 4826
4829 4824
4830 4829
4831 4830
4832 4830
4833 4823
4834 4833
4835 4833
4836 4823
4837 4836
4838 4837
4839 4838
4840 4689
4841 4840
4842 4841
4843 4842
4844 4843
4845 4844
4846 4845
4847 4846
4848 4847
4849 4848
4850 4849
4851 4846
4852 4851
4853 4852
4854 4853
4855 4851
4856 4845
4857 4856
4858 4857
4859 4858
4860 4859
4861 4859
4862 4858
4863 4858
4864 4863
4865 4857
4866 4843
4867 4866
4868 4867
4869 4868
4870 4869
4871 4870
4872 4871
4873 4871
4874 4868
4875 4874
4876 4875
4877 4876
4878 4876
4879 4874
4880 4879
4881 4880
4882 4842
4883 4882
4884 4883
4885 4882
4886 4885
4887 4886
4888 4887
4889 4842
4890 4889
4891 4890
4892 4891
4893 4892
4894 4893
4895 4891
4896 4895
4897 4896
4898 4897
4899 4898
4900 4896
4901 4895
4902 4901
4903 4901
4904 4903
4905 4895
4906 4905
4907 4889
4908 4841
4909 4908
4910 4909
4911 4909
4912 4911
4913 4912
4914 4913
4915 4914
4916 4915
4917 4914
4918 4912
4919 4911
4920 4919
4921 4320
4922 4921
4923 4922
4924 4923
4925 4923
4926 4925
4927 4926
4928 4926
4929 4928
4930 4929
4931 4930
4932 4931
4933 4932
4934 4933
4935 4934
4936 4935
4937 4933
4938 4937
4939 4938
4940 4937
4941 4940
4942 4940
4943 4937
4944 4943
4945 4943
4946 4931
4947 4946
4948 4947
4949 4948
4950 4946
4951 4950
4952 4950
4953 4952
4954 4953
4955 4946
4956 4955
4957 4956
4958 4955
4959 4925
4960 4959
4961 4960
4962 4961
4963 4962
4964 4963
4965 4964
4966 4965
4967 4965
4968 4967
4969 4968
4970 4968
4971 4964
4972 4971
4973 4972
4974 4973
4975 4973
4976 4971
4977 4976
4978 4977
4979 4977
4980 4964
4981 4980
4982 4981
4983 4982
4984 4980
4985 4984
4986 4985
4987 4963
4988 4987
4989 4988
4990 4989
4991 4990
4992 4990
4993 4989
4994 4993
4995 4993
4996 4989
4997 4996
4998 4996
4999 4988
5000 4961
5001 5000
5002 5001
5003 5002
5004 5003
5005 5004
5006 5005
5007 5003
5008 5007
5009 5008
5010 5007
5011 5010
5012 5010
5013 5007
5014 5013
5015 5013
5016 5001
5017 4959
5018 5017
5019 5018
5020 5019
5021 5020
5022 5021
5023 5022
5024 5023
5025 5024
5026 5024
5027 5023
5028 5027
5029 5020
5030 5029
5031 5030
5032 5031
5033 5032
5034 5030
5035 5034
5036 5035
5037 5029
5038 5037
5039 5038
5040 5039
5041 5037
5042 4921
5043 4320
5044 5043
5045 5044
5046 5045
5047 5046
5048 5047
5049 5048
5050 5049
5051 5050
5052 5051
5053 5052
5054 5053
5055 5054
5056 5055
5057 5055
5058 5054
5059 5058
5060 5058
5061 5053
5062 5061
5063 5062
5064 5062
5065 5049
5066 5065
5067 5066
5068 5067
5069 5068
5070 5069
5071 5070
5072 5070
5073 5068
5074 5066
5075 5074
5076 5075
5077 5048
5078 5077
5079 5078
5080 5079
5081 5080
5082 5081
5083 5082
5084 5083
5085 5082
5086 5085
5087 5082
5088 5087
5089 5087
5090 5081
5091 5090
5092 5091
5093 5091
5094 5079
5095 5094
5096 5095
5097 5096
5098 5094
5099 5098
5100 5099
5101 5100
5102 5100
5103 5094
5104 5103
5105 5104
5106 5103
5107 5106
5108 5107
5109 5077
5110 5109
5111 5110
5112 5111
5113 5112
5114 5112
5115 5111
5116 5115
5117 5116
5118 5117
5119 5117
5120 5115
5121 5110
5122 5121
5123 5122
5124 5122
5125 5124
5126 5125
5127 5125
5128 5124
5129 5128
5130 5128
5131 5124
5132 5131
5133 5048
5134 5133
5135 5134
5136 5135
5137 5135
5138 5137
5139 5138
5140 5139
5141 5140
5142 5137
5143 5142
5144 5143
5145 5144
5146 5144
5147 5133
5148 5147
5149 5148
5150 5149
5151 5150
5152 5151
5153 5152
5154 5047
5155 5154
5156 5155
5157 5156
5158 5157
5159 5158
5160 5159
5161 5160
5162 5161
5163 5161
5164 5159
5165 5164
5166 5165
5167 5165
5168 5157
5169 5168
5170 5169
5171 5170
5172 5171
5173 5171
5174 5170
5175 5156
5176 5175
5177 5175
5178 5177
5179 5178
5180 5179
5181 5180
5182 5180
5183 5156
5184 5183
5185 5184
5186 5185
5187 5186
5188 5187
5189 5187
5190 5185
5191 5190
5192 5191
5193 5190
5194 5193
5195 5183
5196 5195
5197 5196
5198 5197
5199 5198
5200 5198
5201 5197
5202 5197
5203 5202
5204 5155
5205 5204
5206 5205
5207 5206
5208 5207
5209 5208
5210 5209
5211 5209
5212 5207
5213 5212
5214 5213
5215 5213
5216 5212
5217 5212
5218 5217
5219 5217
5220 5045
5221 5220
5222 5221
5223 5222
5224 5223
5225 5224
5226 5225
5227 5226
5228 5227
5229 5228
5230 5229
5231 5229
5232 5227
5233 5226
5234 5233
5235 5234
5236 5235
5237 5233
5238 5237
5239 5238
5240 5238
5241 5225
5242 5241
5243 5242
5244 5243
5245 5244
5246 5243
5247 5246
5248 5223
5249 5248
5250 5249
5251 5250
5252 5251
5253 5252
5254 5253
5255 5251
5256 5255
5257 5256
5258 5256
5259 5255
5260 5259
5261 5255
5262 5261
5263 5261
5264 5249
5265 5264
5266 5265
5267 5266
5268 5267
5269 5266
5270 5269
5271 5269
5272 5265
5273 5248
5274 5273
5275 5274
5276 5273
5277 5276
5278 5277
5279 5278
5280 5279
5281 5279
5282 5221
5283 5220
5284 5283
5285 5283
5286 5285
5287 5286
5288 5287
5289 5288
5290 5289
5291 5288
5292 5287
5293 5292
5294 5293
5295 5294
5296 5295
5297 5296
5298 5292
5299 5298
5300 5299
5301 5300
5302 5301
5303 5301
5304 5300
5305 5304
5306 5304
5307 5299
5308 5307
5309 5287
5310 5309
5311 5310
5312 5311
5313 5312
5314 5313
5315 5313
5316 5312
5317 5312
5318 5286
5319 5318
5320 5319
5321 5319
5322 5321
5323 5322
5324 5321
5325 5324
5326 5325
5327 5043
5328 5327
5329 5328
5330 5329
5331 5330
5332 5331
5333 5332
5334 5333
5335 5334
5336 5335
5337 5336
5338 5337
5339 5338
5340 5338
5341 5336
5342 5341
5343 5342
5344 5342
5345 5335
5346 5345
5347 5346
5348 5347
5349 5345
5350 5335
5351 5350
5352 5351
5353 5352
5354 5352
5355 5350
5356 5355
5357 5356
5358 5334
5359 5358
5360 5359
5361 5360
5362 5361
5363 5359
5364 5363
5365 5364
5366 5364
5367 5363
5368 5367
5369 5330
5370 5369
5371 5370
5372 5371
5373 5372
5374 5373
5375 5374
5376 5375
5377 5376
5378 5376
5379 5375
5380 5379
5381 5379
5382 5375
5383 5382
5384 5382
5385 5374
5386 5385
5387 5386
5388 5386
5389 5372
5390 5371
5391 5390
5392 5391
5393 5392
5394 5393
5395 5394
5396 5394
5397 5392
5398 5397
5399 5398
5400 5397
5401 5400
5402 5400
5403 5390
5404 5403
5405 5404
5406 5405
5407 5406
5408 5406
5409 5371
5410 5409
5411 5409
5412 5411
5413 5412
5414 5413
5415 5414
5416 5414
5417 5413
5418 5417
5419 5417
5420 5413
5421 5370
5422 5421
5423 5422
5424 5423
5425 5424
5426 5425
5427 5426
5428 5426
5429 5424
5430 5429
5431 5430
5432 5430
5433 5423
5434 5433
5435 5433
5436 5435
5437 5436
5438 5436
5439 5423
5440 5439
5441 5422
5442 5441
5443 5442
5444 5443
5445 5444
5446 5329
5447 5446
5448 5447
5449 5448
5450 5449
5451 5450
5452 5451
5453 5452
5454 5453
5455 5454
5456 5454
5457 5452
5458 5457
5459 5458
5460 5451
5461 5460
5462 5461
5463 5462
5464 5462
5465 5460
5466 5450
5467 5448
5468 5467
5469 5468
5470 5469
5471 5470
5472 5471
5473 5472
5474 5471
5475 5474
5476 5474
5477 5470
5478 5477
5479 5478
5480 5478
5481 5446
5482 5481
5483 5482
5484 5483
5485 5484
5486 5485
5487 5486
5488 5487
5489 5488
5490 5487
5491 5490
5492 5490
5493 5487
5494 5493
5495 5493
5496 5486
5497 5496
5498 5497
5499 5497
5500 5484
5501 5500
5502 5501
5503 5502
5504 5503
5505 5501
5506 5505
5507 5506
5508 5506
5509 5483
5510 5509
5511 5510
5512 5511
5513 5512
5514 5513
5515 5483
5516 5515
5517 5516
5518 5517
5519 5517
5520 5519
5521 5520
5522 5519
5523 5522
5524 5522
5525 5515
5526 5525
5527 5482
5528 5527
5529 5528
5530 5529
5531 5530
5532 5531
5533 5532
5534 5531
5535 5534
5536 5534
5537 5531
5538 5537
5539 5528
5540 5539
5541 5540
5542 5541
5543 5542
5544 5542
5545 5540
5546 5545
5547 5546
5548 5546
5549 5539
5550 5549
5551 5549
5552 5551
5553 5552
5554 5328
5555 5554
5556 5555
5557 5556
5558 5557
5559 5558
5560 5559
5561 5559
5562 5561
5563 5562
5564 5563
5565 5563
5566 5565
5567 5563
5568 5562
5569 5558
5570 5569
5571 5558
5572 5555
5573 5572
5574 5573
5575 5574
5576 5575
5577 5576
5578 5577
5579 5576
5580 5579
5581 5580
5582 5581
5583 5576
5584 5583
5585 5584
5586 5585
5587 5583
5588 5575
5589 5588
5590 5589
5591 5590
5592 5591
5593 5591
5594 5590
5595 5594
5596 5594
5597 5590
5598 5597
5599 5597
5600 5589
5601 5573
5602 5601
5603 5602
5604 5603
5605 5604
5606 5604
5607 5603
5608 5607
5609 5608
5610 5609
5611 5607
5612 5602
5613 5572
5614 5613
5615 5614
5616 5615
5617 5616
5618 5617
5619 5618
5620 5619
5621 5619
5622 5617
5623 5622
5624 5615
5625 5624
5626 5624
5627 5624
5628 5627
5629 5613
5630 5629
5631 5630
5632 5631
5633 5632
5634 5632
5635 5634
5636 5635
5637 5635
5638 5572
5639 5638
5640 5638
5641 4319
5642 5641
5643 5642
5644 5643
5645 5644
5646 5645
5647 5646
5648 5647
5649 5648
5650 5649
5651 5650
5652 5651
5653 5652
5654 5653
5655 5653
5656 5655
5657 5652
5658 5657
5659 5658
5660 5658
5661 5648
5662 5647
5663 5662
5664 5663
5665 5664
5666 5665
5667 5666
5668 5667
5669 5668
5670 5668
5671 5647
5672 5671
5673 5671
5674 5673
5675 5674
5676 5675
5677 5676
5678 5677
5679 5678
5680 5678
5681 5676
5682 5681
5683 5682
5684 5681
5685 5684
5686 5646
5687 5686
5688 5687
5689 5688
5690 5689
5691 5688
5692 5691
5693 5692
5694 5693
5695 5694
5696 5695
5697 5695
5698 5693
5699 5698
5700 5699
5701 5698
5702 5701
5703 5687
5704 5703
5705 5704
5706 5705
5707 5706
5708 5707
5709 5708
5710 5708
5711 5706
5712 5711
5713 5712
5714 5711
5715 5714
5716 5704
5717 5716
5718 5717
5719 5718
5720 5719
5721 5719
5722 5716
5723 5722
5724 5723
5725 5724
5726 5724
5727 5716
5728 5644
5729 5728
5730 5729
5731 5730
5732 5731
5733 5732
5734 5733
5735 5734
5736 5735
5737 5736
5738 5737
5739 5735
5740 5739
5741 5740
5742 5740
5743 5733
5744 5732
5745 5744
5746 5744
5747 5746
5748 5747
5749 5748
5750 5749
5751 5729
5752 5751
5753 5752
5754 5753
5755 5754
5756 5755
5757 5756
5758 5757
5759 5758
5760 5757
5761 5760
5762 5760
5763 5756
5764 5753
5765 5764
5766 5764
5767 5766
5768 5767
5769 5768
5770 5769
5771 5768
5772 5771
5773 5767
5774 5752
5775 5774
5776 5775
5777 5776
5778 5777
5779 5777
5780 5779
5781 5780
5782 5780
5783 5779
5784 5783
5785 5783
5786 5775
5787 5786
5788 5787
5789 5788
5790 5789
5791 5789
5792 5787
5793 5792
5794 5793
5795 5786
5796 5795
5797 5796
5798 5797
5799 5797
5800 5795
5801 5800
5802 5801
5803 5801
5804 5786
5805 5804
5806 5805
5807 5806
5808 5804
5809 5728
5810 5809
5811 5810
5812 5811
5813 5812
5814 5813
5815 5814
5816 5815
5817 5814
5818 5817
5819 5814
5820 5819
5821 5820
5822 5821
5823 5819
5824 5823
5825 5824
5826 5824
5827 5813
5828 5827
5829 5828
5830 5829
5831 5830
5832 5830
5833 5829
5834 5833
5835 5833
5836 5829
5837 5828
5838 5837
5839 5838
5840 5838
5841 5809
5842 5728
5843 5842
5844 5843
5845 5842
5846 5845
5847 5846
5848 5847
5849 5848
5850 5849
5851 5850
5852 5851
5853 5852
5854 5852
5855 5851
5856 5855
5857 5855
5858 5850
5859 5848
5860 5859
5861 5860
5862 5861
5863 5862
5864 5860
5865 5864
5866 5865
5867 5859
5868 5867
5869 5867
5870 5642
5871 5870
5872 5871
5873 5872
5874 5873
5875 5874
5876 5875
5877 5875
5878 5877
5879 5878
5880 5879
5881 5880
5882 5881
5883 5882
5884 5882
5885 5880
5886 5879
5887 5886
5888 5886
5889 5888
5890 5889
5891 5878
5892 5891
5893 5892
5894 5893
5895 5874
5896 5895
5897 5896
5898 5897
5899 5898
5900 5899
5901 5900
5902 5901
5903 5901
5904 5900
5905 5904
5906 5900
5907 5906
5908 5906
5909 5897
5910 5909
5911 5910
5912 5909
5913 5912
5914 5913
5915 5912
5916 5909
5917 5916
5918 5917
5919 5918
5920 5895
5921 5920
5922 5921
5923 5922
5924 5923
5925 5924
5926 5925
5927 5925
5928 5923
5929 5928
5930 5929
5931 5929
5932 5928
5933 5932
5934 5932
5935 5928
5936 5935
5937 5935
5938 5873
5939 5938
5940 5939
5941 5940
5942 5941
5943 5942
5944 5943
5945 5944
5946 5945
5947 5945
5948 5944
5949 5948
5950 5948
5951 5943
5952 5951
5953 5952
5954 5952
5955 5941
5956 5955
5957 5956
5958 5957
5959 5958
5960 5958
5961 5957
5962 5961
5963 5961
5964 5956
5965 5964
5966 5965
5967 5965
5968 5940
5969 5968
5970 5969
5971 5970
5972 5971
5973 5970
5974 5973
5975 5974
5976 5968
5977 5940
5978 5977
5979 5978
5980 5979
5981 5980
5982 5981
5983 5981
5984 5977
5985 5984
5986 5985
5987 5986
5988 5987
5989 5939
5990 5989
5991 5990
5992 5990
5993 5992
5994 5993
5995 5994
5996 5995
5997 5995
5998 5993
5999 5998
6000 5999
6001 5992
6002 6001
6003 6002
6004 6003
6005 6001
6006 6005
6007 6006
6008 6006
6009 5871
6010 6009
6011 6010
6012 6011
6013 6012
6014 6013
6015 6014
6016 6012
6017 6016
6018 6017
6019 6018
6020 6019
6021 6020
6022 6021
6023 6021
6024 6017
6025 6024
6026 6025
6027 6026
6028 6027
6029 6025
6030 6029
6031 6030
6032 6030
6033 6029
6034 6033
6035 6033
6036 6029
6037 6036
6038 6036
6039 6011
6040 6039
6041 6040
6042 6041
6043 6039
6044 6043
6045 6044
6046 6045
6047 6046
6048 6047
6049 6048
6050 6048
6051 6046
6052 6051
6053 6052
6054 6052
6055 6044
6056 6055
6057 6056
6058 6057
6059 6056
6060 6055
6061 6060
6062 6060
6063 6062
6064 6063
6065 6063
6066 6055
6067 6066
6068 6010
6069 6068
6070 6069
6071 6070
6072 6071
6073 6072
6074 6073
6075 6074
6076 6075
6077 6074
6078 6073
6079 6078
6080 6079
6081 6079
6082 6071
6083 6070
6084 6083
6085 6084
6086 6085
6087 6086
6088 6087
6089 6087
6090 6070
6091 6090
6092 5870
6093 6092
6094 6093
6095 6094
6096 6095
6097 6096
6098 6097
6099 6098
6100 6099
6101 6100
6102 6101
6103 6102
6104 6101
6105 6104
6106 6104
6107 6100
6108 6107
6109 6108
6110 6098
6111 6110
6112 6097
6113 6112
6114 6113
6115 6112
6116 6115
6117 6116
6118 6117
6119 6118
6120 6097
6121 6120
6122 6120
6123 6094
6124 6123
6125 6124
6126 6125
6127 6126
6128 6127
6129 6128
6130 6129
6131 6128
6132 6131
6133 6127
6134 6133
6135 6134
6136 6135
6137 6135
6138 6127
6139 6138
6140 6139
6141 6140
6142 6140
6143 6126
6144 6143
6145 6144
6146 6145
6147 6146
6148 6144
6149 6148
6150 6149
6151 6148
6152 6151
6153 6151
6154 6123
6155 6154
6156 6155
6157 6156
6158 6157
6159 6158
6160 6159
6161 6159
6162 6161
6163 6161
6164 6158
6165 6164
6166 6165
6167 6156
6168 6167
6169 6168
6170 6168
6171 6123
6172 6171
6173 6172
6174 6173
6175 6174
6176 6175
6177 6175
6178 6177
6179 6178
6180 6177
6181 6180
6182 6180
6183 6171
6184 6183
6185 6184
6186 6185
6187 6186
6188 6187
6189 6188
6190 6188
6191 6186
6192 6191
6193 6192
6194 6192
6195 6191
6196 6092
6197 6196
6198 6197
6199 6198
6200 6199
6201 6200
6202 6201
6203 6202
6204 6203
6205 6204
6206 6205
6207 6205
6208 6202
6209 6208
6210 6209
6211 6208
6212 6202
6213 6212
6214 6213
6215 6214
6216 6212
6217 6216
6218 6217
6219 6201
6220 6219
6221 6220
6222 6221
6223 6222
6224 6221
6225 6224
6226 6224
6227 6221
6228 6227
6229 6227
6230 6220
6231 6230
6232 6231
6233 6231
6234 6199
6235 6234
6236 6235
6237 6236
6238 6237
6239 6238
6240 6239
6241 6239
6242 6238
6243 6237
6244 6198
6245 6244
6246 6244
6247 6246
6248 6197
6249 6248
6250 6249
6251 6250
6252 6251
6253 6252
6254 6253
6255 6251
6256 6255
6257 6256
6258 6257
6259 6256
6260 6259
6261 6260
6262 6255
6263 6262
6264 6262
6265 6255
6266 6249
6267 6266
6268 6267
6269 6268
6270 6269
6271 6270
6272 6271
6273 6270
6274 6273
6275 6269
6276 6275
6277 6276
6278 6276
6279 6267
6280 6279
6281 6280
6282 6281
6283 6282
6284 6281
6285 6284
6286 6284
6287 6281
6288 6287
6289 6287
6290 6280
6291 6290
6292 6291
6293 6266
6294 6293
6295 6294
6296 6295
6297 6296
6298 6297
6299 6293
6300 6299
6301 6300
6302 6301
6303 6302
6304 6302
6305 6301
6306 6266
6307 6306
6308 6306
6309 5870
6310 6309
6311 6310
6312 6309
6313 6312
6314 6313
6315 6314
6316 6315
6317 6316
6318 6317
6319 6318
6320 6319
6321 6320
6322 6321
6323 6319
6324 6323
6325 6318
6326 6325
6327 6326
6328 6327
6329 6327
6330 6325
6331 6318
6332 6317
6333 6332
6334 6333
6335 6334
6336 6335
6337 6333
6338 6337
6339 6338
6340 6315
6341 6340
6342 6341
6343 6342
6344 6343
6345 6344
6346 6345
6347 6345
6348 6343
6349 6348
6350 6349
6351 6349
6352 6348
6353 6352
6354 6352
6355 6341
6356 6355
6357 6356
6358 6357
6359 6358
6360 6358
6361 6340
6362 6361